image,mel,nv,bcc,akiec,bkl,df,vasc
ISIC_0024312,0.10932467972594508,0.42740828128080915,0.05535170292404499,0.06458813618420121,0.3323285945987527,0.006492110284448634,0.004506495001798237
ISIC_0024317,0.1470863485276871,0.6572771591537367,0.015512100432188656,0.0049165597971164345,0.1613056213846473,0.004756364729423225,0.009145845975200446
ISIC_0024318,0.12431252725890977,0.2074265365745329,0.18126663087458256,0.05253948288040969,0.3838229648687771,0.039347133942829675,0.011284723599958238
ISIC_0024324,0.0796546490524484,0.5960838671489259,0.060903500268534895,0.009406735526772746,0.14382460961300417,0.01912346309160781,0.09100317529870611
ISIC_0024328,0.05421518677255187,0.6156284728051518,0.05928604663483788,0.0025958081663232852,0.17634229058973905,0.027653792780591515,0.06427840225080463
ISIC_0024330,0.10933069301279616,0.4679808749706133,0.04129564860336939,0.012244299061582253,0.34687835381381044,0.018886514725703563,0.0033836158121243447
ISIC_0024332,0.06011489124099722,0.4761910731405295,0.13799470138520048,0.014343997450524002,0.17306368797151858,0.015555475029928953,0.1227361737813012
ISIC_0024340,0.16219569097228115,0.5721654756399198,0.06026109101575288,0.007227823828582959,0.12784123512935572,0.01023171074924814,0.060076972664859146
ISIC_0024342,0.054116082425308264,0.48226202141143426,0.08941042628297989,0.0076585313447825685,0.31011581248400344,0.028875842921144774,0.027561283130346028
ISIC_0024346,0.22382231455845408,0.4628266154984721,0.019753009677987213,0.020988630405714775,0.25973454444529126,0.0026649959085774037,0.01020988950550353
ISIC_0024349,0.030896127805990495,0.6556167746721556,0.06554929620616114,0.009124024127793652,0.1612290906856356,0.005200074215059456,0.07238461228720408
ISIC_0024351,0.034244319454621135,0.8770309347822447,0.007033702402577064,0.0038119958141241816,0.049474372831603025,0.0007597792011947434,0.027644895513635095
ISIC_0024358,0.21165087938341673,0.4079186831321334,0.11287049053409819,0.034284579357865,0.2223883493731425,0.0034389596410857475,0.007448058578258069
ISIC_0024366,0.08795776490979498,0.5406418884182213,0.1281898530779901,0.013421240756092155,0.20344814356440635,0.01019269406665629,0.016148415206839073
ISIC_0024367,0.08275766667551004,0.36243624708408884,0.12258818314324862,0.015378260150774469,0.3065112937410781,0.04001572924483425,0.07031261996046559
ISIC_0024375,0.24372650813000143,0.4907070638867066,0.02628092217639279,0.015600403546458337,0.14235577939571087,0.008102621127521697,0.07322670173720827
ISIC_0024376,0.5340512587319757,0.12211817590003352,0.0186911529206985,0.05235786838049161,0.26694422483303015,0.001437934983261206,0.004399384250509213
ISIC_0024382,0.09606611758823216,0.6296942999219384,0.07119162151299403,0.01503299327836926,0.1705643240483394,0.005879783485779051,0.011570860164348135
ISIC_0024385,0.07208556530622368,0.42037460563400936,0.09548807545400241,0.01817152405969824,0.2806255532138101,0.021001947169462812,0.09225272916279334
ISIC_0024393,0.07313727833161791,0.5210314863424206,0.054969685786239744,0.009464999912440755,0.1610506611221528,0.01760676473651104,0.1627391237686171
ISIC_0024396,0.037119199624196984,0.879674234343689,0.005870337477193868,0.0005739752841446746,0.03669426564357424,0.004018390215498125,0.036049597411703396
ISIC_0024407,0.0397328980358978,0.4495086294218813,0.04530542683200125,0.01683461559350649,0.4368265585015199,0.007414900695231061,0.0043769709199617075
ISIC_0024409,0.2631339566777183,0.298850093002865,0.09863306895097314,0.07568871933255425,0.07415209058561786,0.007630167580919191,0.18191190386935235
ISIC_0024414,0.18550434334319407,0.3295227040164003,0.14296347825580766,0.1052825336997442,0.2103580610442337,0.014546876380407199,0.011822003260212812
ISIC_0024425,0.11068532386845342,0.7549088630812315,0.007745108535625618,0.002096006883304399,0.08906649266755493,0.003706961716603333,0.03179124324722682
ISIC_0024428,0.009692007311381165,0.5889511228975021,0.006671822631992779,0.0010870737785248082,0.28234784430432613,0.10910049318417876,0.0021496358920947037
ISIC_0024443,0.022122225440381213,0.3684492817740868,0.028116804627859534,0.0025104793540474545,0.5255886877134182,0.04943919470761483,0.0037733263825920774
ISIC_0024452,0.08623154781730803,0.7653128135535371,0.015490880009143473,0.005935678340671531,0.040417197931108734,0.0018986571329643893,0.08471322521526592
ISIC_0024456,0.09001284330673356,0.7311223337803466,0.014798251520007688,0.0032730825429698527,0.06652583147047875,0.005506708080244689,0.088760949299219
ISIC_0024457,0.22935597117936243,0.45085325959081,0.033861159771418486,0.020902932780226324,0.2556785160083629,0.006871185108832159,0.00247697556098786
ISIC_0024461,0.09389861250111083,0.44850870915957647,0.1728486817535402,0.01692806192334247,0.2012456893300951,0.007281209263798886,0.05928903606853595
ISIC_0024464,0.06989227887602414,0.7062391057287777,0.05271944139973939,0.019404073607452343,0.11646431240531309,0.014228208663313877,0.02105257931937892
ISIC_0024466,0.030631019242042534,0.4285729437622142,0.03620092332440069,0.004839989318426673,0.44911666682684614,0.04791184216919796,0.002726615356872087
ISIC_0024468,0.07938835585388501,0.19109720612089592,0.04875989087988881,0.03524254091744112,0.6281040294968909,0.016063704257775823,0.0013442724732218624
ISIC_0024470,0.052808850954282706,0.5526799810933812,0.15874237349297643,0.019822594842096468,0.16812384969299338,0.024981554390710394,0.0228407955335594
ISIC_0024475,0.03464552017734477,0.3996454343682983,0.13747873823535264,0.012227213725823973,0.3484932326622015,0.06164168527844315,0.005868175552535143
ISIC_0024476,0.11820574643482723,0.5823099088787594,0.07973164760821326,0.011527985752839776,0.17916891970912352,0.008508500568687708,0.020547291047549147
ISIC_0024479,0.11440059247075582,0.655918212414575,0.03551127999319673,0.029248503165045653,0.14722522529183935,0.005903142292333245,0.011793044372254032
ISIC_0024492,0.3876396412484985,0.3456222222779648,0.009240270517033744,0.06288105235426761,0.18475817917704068,0.0017759719598551813,0.008082662465339525
ISIC_0024498,0.39728881949981937,0.21291478207226175,0.05068809573891905,0.017014056483846986,0.29257714024636733,0.024710491165316085,0.004806614793469342
ISIC_0024502,0.1874354439037268,0.05053276058535194,0.1302674398844529,0.2343410551988508,0.3641768350361312,0.03128051272586709,0.001965952665619772
ISIC_0024505,0.030788818258254982,0.38067221169954285,0.17360897730064972,0.023403650375874503,0.3144051485408031,0.06955412830998121,0.007567065514893008
ISIC_0024507,0.09976553767566455,0.6245675240651383,0.09893255448801407,0.010783491174817654,0.13949436922362923,0.005378165130743825,0.021078358241992647
ISIC_0024512,0.26772492930171454,0.4006972615060552,0.06848530687542263,0.03610425899290606,0.2176014835009634,0.006658553793592622,0.002728206029346243
ISIC_0024518,0.27106580371451583,0.47351053036350693,0.08470844644675132,0.02968196607641757,0.12307506303670344,0.007522460110068846,0.010435730252036136
ISIC_0024525,0.37514301629728086,0.14168869915306523,0.08454047046357582,0.07888695781700916,0.3072793171326938,0.003011503913959576,0.009450035222415488
ISIC_0024532,0.3482578897663102,0.15170683418699324,0.04076502831327562,0.04817308763654053,0.402369041583879,0.006961480715620334,0.0017666377973812387
ISIC_0024536,0.222714959775471,0.18928180596095473,0.1607287700832466,0.057620291227879455,0.35481205175586744,0.007430315544340711,0.007411805652240209
ISIC_0024546,0.17290401169901784,0.08380180492502783,0.05380891519466966,0.3688656620054813,0.31584143658788216,0.003271537937431058,0.0015066316504898992
ISIC_0024549,0.19060345385010677,0.26065690419494447,0.1640380998731515,0.08749171574299233,0.2504974207230145,0.02382998722642128,0.022882418389369497
ISIC_0024550,0.09750179010027384,0.6817569461949896,0.07718238235286308,0.008805406686192,0.0779057809071322,0.005755756386474066,0.051091937372074854
ISIC_0024556,0.37338838395906404,0.22518356433138406,0.058337580316886045,0.0974860441936983,0.22972162845043184,0.008689261023954356,0.007193537724581739
ISIC_0024564,0.255647738926169,0.5431336024980867,0.04004552139785696,0.01789914881959802,0.1265597728582633,0.003314582901269067,0.013399632598756732
ISIC_0024576,0.2729918997378372,0.5343997797067966,0.01773023547079585,0.022537819128954157,0.14710350388658455,0.0032050173878728403,0.002031744681158789
ISIC_0024577,0.14520643627928018,0.14156714861222522,0.03651005473526813,0.05401889591594071,0.6161159891486444,0.00594721026727849,0.0006342650413628365
ISIC_0024578,0.13558912007119703,0.5892076400521277,0.09882330681995512,0.011953702926514705,0.13762420880908793,0.009550669183159301,0.01725135213795839
ISIC_0024579,0.12452788865493394,0.24581336817837926,0.037952495334882486,0.040931871599290896,0.539588339134667,0.010302226287107814,0.0008838108107386595
ISIC_0024580,0.4384899429719456,0.25020253793440606,0.021053259570092558,0.03487055914036025,0.244919205032488,0.0046002613350450425,0.005864234015662459
ISIC_0024582,0.3283197387387116,0.28827007293405776,0.04869084252669342,0.05882101541066649,0.2574661570510636,0.0032798619859269996,0.015152311352880076
ISIC_0024586,0.24680097994958733,0.5512566740457717,0.04136950390767478,0.015262002596942091,0.12577095348336204,0.0022625783281380405,0.017277307688524455
ISIC_0024587,0.25595812790338035,0.5135483193817441,0.041409994630572475,0.017092311599828075,0.15230381753703787,0.0036161365475867735,0.016071292399850425
ISIC_0024596,0.4861471366084544,0.2842913964566523,0.012035932429200018,0.04609961478667525,0.1661226370733251,0.0016366946049891033,0.003666588040703975
ISIC_0024609,0.27743466711860226,0.4593514909518052,0.05960079841800302,0.05516499889610344,0.13288482645519284,0.0015742369709494074,0.01398898118934361
ISIC_0024613,0.354423791742675,0.4118113042194077,0.011023509152312592,0.03783877848927637,0.18087865668074432,0.0007763342086370277,0.003247625506946993
ISIC_0024617,0.30918590170700094,0.14891372193357152,0.12038895438581183,0.16788316123086194,0.24710201214465327,0.0033171953867259982,0.0032090532113744734
ISIC_0024619,0.1602667020490083,0.5456660274626919,0.09153795654290874,0.016718245999524945,0.17105996679151012,0.008283815867932474,0.006467285286423694
ISIC_0024628,0.14074682970849922,0.27370695344144386,0.17181613562697132,0.0642019101880535,0.31501655156331787,0.011130615503885695,0.023381003967828377
ISIC_0024636,0.07869637810879476,0.16485181931200657,0.10309608651888881,0.08872039792222783,0.5603613565205934,0.0028031780494807215,0.001470783568007759
ISIC_0024637,0.13727117873631803,0.2365555603380548,0.12916385011835044,0.0634145609122738,0.39866925805250664,0.026458918476125606,0.008466673366370834
ISIC_0024638,0.11364317423024335,0.1235175554541195,0.13521752902038203,0.20696071971663646,0.4016624641900565,0.014834155908765134,0.004164401479796792
ISIC_0024642,0.22675927591015566,0.3961123972972195,0.073408934509848,0.061854190575294885,0.22132901941473307,0.009960787226541881,0.010575395066206923
ISIC_0024646,0.1607210693530616,0.6608714399612048,0.027711436833213664,0.01449633240029564,0.10235155460481182,0.007814981093403946,0.02603318575400847
ISIC_0024647,0.18115694200795215,0.20559560262549487,0.03385146089397857,0.07645351351753266,0.47320508636001524,0.027307769916168033,0.002429624678858373
ISIC_0024650,0.1869076274881284,0.24520266214538775,0.03966070993265489,0.04476828750095607,0.45044664228776976,0.02987589466210852,0.003138175982994348
ISIC_0024654,0.1646858224296455,0.3443031138072496,0.05247183989273458,0.03956298297716408,0.3638101065363937,0.018549145010225726,0.01661698934658649
ISIC_0024662,0.2363749544102371,0.5430251868902295,0.010937056366779892,0.011015012837853189,0.19229795810767245,0.0051181010275401844,0.0012317303596877834
ISIC_0024665,0.19046904826810054,0.6176680816222442,0.010097463708960953,0.009146434348907972,0.16480460078935466,0.006040701863679516,0.0017736693987517125
ISIC_0024666,0.2617093617983265,0.5119750007849112,0.016292204490530662,0.012285189384979736,0.19168082668819325,0.004159847686134448,0.0018975691669242268
ISIC_0024668,0.29121016051982707,0.46757176997297206,0.023720437717432867,0.027921082442852244,0.16962650669192272,0.003964025592555263,0.015986017062438032
ISIC_0024669,0.18985309583350127,0.5994073346774084,0.024175287963189553,0.012816121842836134,0.15927689039178491,0.004400133598636395,0.010071135692643526
ISIC_0024670,0.09270747198108409,0.763473782830287,0.02001824312407274,0.0061755069994445895,0.09555194010922233,0.005037439745158382,0.01703561521073141
ISIC_0024671,0.23607847850612515,0.5253761242086159,0.04106887535040577,0.021125173831349882,0.1650892031614514,0.005915323845757105,0.005346821096294177
ISIC_0024673,0.2639555018761104,0.6022462115525385,0.004643519063625423,0.006840409675812815,0.11491785590687209,0.0023923125976810307,0.005004189327359807
ISIC_0024688,0.42382055305558053,0.40614256756637607,0.009882946526054632,0.012862860854178806,0.12479869185098452,0.0027162382148638396,0.01977614193196136
ISIC_0024692,0.1088444826202034,0.7727147749261639,0.02406493676014389,0.006408627231380757,0.06824236837786676,0.005300918014318766,0.01442389206992236
ISIC_0024698,0.24645885783914093,0.5877234047760473,0.02654524679794842,0.011998043879633597,0.11747062677005082,0.0020629480330372923,0.007740871904141533
ISIC_0024700,0.17260848094997197,0.6451839238906579,0.018529941279359273,0.013429086406801106,0.12318373247234267,0.0026258743627033455,0.024438960638163518
ISIC_0024706,0.12136023773464873,0.6810364321699891,0.041867516635574954,0.009730853619077882,0.08935906161917208,0.002668691919855988,0.0539772063016816
ISIC_0024710,0.1089424939607686,0.3476208769255928,0.054632826375973,0.05799572175310268,0.39512579603293996,0.0315866302768184,0.004095654674804882
ISIC_0024711,0.08404120789820829,0.1142339175902267,0.26540911107023607,0.29521985562495606,0.22925112804757414,0.01029604934278353,0.001548730426015247
ISIC_0024713,0.005831773111750724,0.317118138099037,0.07140705469321804,0.020911975981353807,0.5665846632769637,0.0166589607874166,0.0014874340502600114
ISIC_0024716,0.0665940463954246,0.6224757676171763,0.11216313954685223,0.053522996306630294,0.14114401095554235,0.002138977730089174,0.0019610614482842782
ISIC_0024719,0.05417474573059864,0.29017611489948086,0.13111779772308257,0.024647013084442775,0.4262290958923167,0.06431507175283424,0.009340160917244303
ISIC_0024724,0.11761854930153073,0.7245728307653667,0.040093192422531274,0.02037093299736061,0.07371596960018381,0.0023707604917063223,0.021257764421320414
ISIC_0024734,0.30805178430306707,0.4399203780646025,0.03851032489258474,0.057686134976792015,0.10528712424436562,0.0015229703919898802,0.04902128312659807
ISIC_0024745,0.5965323426855812,0.18904026678627606,0.022579137254748246,0.03965348099641006,0.1427540256933058,0.0014085130332282137,0.008032233550450551
ISIC_0024753,0.24781037237984896,0.23569843273708707,0.09762558940763619,0.15031481384523762,0.24231988856208045,0.00475474887285827,0.02147615419525152
ISIC_0024759,0.11567520268512083,0.3470624287324025,0.13782532186809338,0.045445492939035166,0.2977159347337381,0.04597404956071841,0.010301569480891714
ISIC_0024771,0.24481155239201816,0.20753940123083012,0.09817530867522364,0.1694214482554347,0.27294587199749304,0.002076923370104433,0.005029494078896302
ISIC_0024774,0.02560943122643194,0.05472812204410475,0.3911872529630659,0.3782654566677631,0.13959618644240407,0.004076201951800187,0.006537348704430005
ISIC_0024778,0.07989216571216565,0.07476052436761178,0.05012268754261506,0.2055673475564886,0.5789517819768524,0.00988836080010738,0.0008171320441590874
ISIC_0024779,0.3462055482022042,0.2618445039065856,0.03338905619318692,0.06739812163135742,0.28353071619979253,0.004771081279663347,0.0028609725872099706
ISIC_0024781,0.08997604775625116,0.6976216161387393,0.026347185951349238,0.031585588843613295,0.14517136180020895,0.0020749608704132704,0.0072232386394248576
ISIC_0024782,0.23230249795299324,0.14553688843551515,0.12777500124354127,0.17117247251423642,0.30077450280412804,0.010979242666612822,0.011459394382972882
ISIC_0024784,0.33839637192220784,0.11832845664420817,0.025277743589333237,0.18546327579857358,0.329193848237291,0.0025454904307126874,0.0007948133776734748
ISIC_0024788,0.14927263782572475,0.0748639509409755,0.05508470719907647,0.12348453248233093,0.5882404858573114,0.008182388593327863,0.0008712971012533397
ISIC_0024792,0.20236899683108928,0.10787591877712929,0.06366431198884563,0.329424178728295,0.29263160468939947,0.0021591831386340342,0.001875805846607293
ISIC_0024794,0.12001579154136247,0.15122880494670976,0.11012897701713638,0.297397232330603,0.3108097007148046,0.0077197814824128755,0.0026997119669704183
ISIC_0024797,0.33277306307637555,0.34814600618707453,0.03489485002664957,0.05523789042938298,0.22178368476638288,0.0035695236241211547,0.003594981890013303
ISIC_0024802,0.22045232776760992,0.3673010334245312,0.07227041385757547,0.06981532682496622,0.25417598460503793,0.013266969012799674,0.0027179445074793306
ISIC_0024806,0.1666205418417573,0.1534668639623318,0.06271771059013756,0.16765273010276807,0.43093681759121105,0.017522762660954913,0.0010825732508393485
ISIC_0024808,0.07233334167680942,0.3899448217213454,0.17707414764998614,0.09039788304774353,0.2554604556605513,0.006484992532777487,0.008304357710786556
ISIC_0024809,0.17040445676308374,0.20017807101297672,0.259330882422617,0.09793700162381584,0.25031509632655885,0.009585159943048292,0.012249331907899438
ISIC_0024814,0.13762200974510516,0.2558605471402721,0.07498000418383381,0.05960227270711519,0.4573226753129346,0.012436933957279343,0.0021755569534599385
ISIC_0024817,0.1369631793215706,0.4944314405964009,0.06020961258540172,0.038254542363240766,0.24656613678785874,0.005841476096911863,0.017733612248615287
ISIC_0024821,0.11963985811284791,0.5494875427029215,0.03955214618590659,0.022307388557524333,0.25353287505294647,0.012117251404276113,0.0033629379835771697
ISIC_0024822,0.3762507345579372,0.3130348761519039,0.029288285626152603,0.11837548351010695,0.13949606218990382,0.0011659075330910113,0.022388650430904492
ISIC_0024831,0.10006920511426153,0.7184621981414004,0.018970159489891867,0.010074937672153152,0.12938117304357044,0.017742984036082203,0.005299342502640382
ISIC_0024832,0.2325339317926722,0.12763988590757647,0.09013752368275187,0.14207484473261578,0.37974198188863356,0.008586569438679343,0.019285262557071275
ISIC_0024837,0.028804092460859226,0.05344944479279664,0.5459625823501802,0.10633178409459082,0.21634779491113504,0.04006750011039391,0.00903680128004417
ISIC_0024839,0.23043922162185548,0.3902826060989229,0.04117291444642462,0.036059256438033836,0.2834544756131877,0.013323332471921847,0.005268193309653141
ISIC_0024841,0.06083955633548093,0.3706876667622713,0.05337377637451167,0.07606809082320848,0.4266739680835747,0.010018761243236448,0.00233818037771689
ISIC_0024847,0.05568332049106713,0.1785835424298044,0.11275092441897105,0.09242023841322625,0.5346422425237497,0.02343550740426361,0.002484224318917871
ISIC_0024857,0.02128868257629512,0.3174556141063093,0.4924664233360465,0.09759057220811158,0.058743409618668134,0.007556518563469561,0.0048987795910994236
ISIC_0024858,0.04410414884132278,0.15898764979291274,0.15006357062297557,0.1948127161000238,0.43747248639805375,0.011031105885235634,0.003528322359475436
ISIC_0024860,0.03821832101254547,0.034842943869185614,0.2792520411979337,0.21270622207086626,0.40350803426739246,0.03060482287557036,0.0008676147065062412
ISIC_0024861,0.1002337691573273,0.08713065669984124,0.17849025088151657,0.20145891717493367,0.4147082755679042,0.016648681829489927,0.001329448688987346
ISIC_0024862,0.03940203265045228,0.044821196922195196,0.158084120081284,0.11313240795471462,0.6227582533131875,0.01890863537915897,0.0028933536990075163
ISIC_0024866,0.21462571177444842,0.378499582461345,0.060184701902652855,0.022326490323694704,0.2989069999868759,0.014822368857484855,0.01063414469349763
ISIC_0024881,0.05096057501344401,0.4720899230105347,0.09967603587771255,0.05279547670910651,0.2965723038673309,0.02464863680253363,0.0032570487193376027
ISIC_0024884,0.09018437907502891,0.570489994516229,0.06792266949573517,0.01464430940447485,0.23695439847643215,0.012985209159166355,0.006819039872933269
ISIC_0024889,0.09702283911983056,0.17012098220375307,0.17068463353010907,0.18860790253630788,0.3131128102469455,0.05538707440568665,0.005063757957367469
ISIC_0024892,0.03367577713923893,0.06235687228347531,0.3302387008910142,0.20886054300438056,0.34486622671456113,0.016832238506111583,0.003169641461217837
ISIC_0024899,0.5226951314252041,0.14464989766385464,0.027943629346261906,0.030060516642168876,0.2695682917540619,0.0027246899858432098,0.0023578431826050935
ISIC_0024900,0.15427707777872532,0.4825427177156947,0.01809558818174313,0.030684478430976332,0.29339753437471233,0.013697653275885948,0.007304950242262439
ISIC_0024915,0.19222864496789085,0.5950723316844142,0.023599647914606593,0.013201769916382524,0.1603774363896124,0.0043490166328595545,0.011171152494233894
ISIC_0024920,0.20704910911180532,0.41207301476184216,0.037757625678587925,0.04043638355437833,0.28613023289269707,0.014676792818708106,0.0018768411819811304
ISIC_0024922,0.06917390648975899,0.09899004292594418,0.31014297531166496,0.28688737393110547,0.22025224137421212,0.012039279929720448,0.0025141800375936864
ISIC_0024933,0.06827953592479667,0.058170915333537104,0.40027642662687113,0.15775006795393215,0.28611365864522637,0.01530912180497486,0.014100273710661686
ISIC_0024947,0.0788104733479447,0.4924166715588279,0.006005474626617672,0.025834327780513505,0.39421880046073404,0.0011488927936496006,0.001565359431712261
ISIC_0024951,0.15297004417279345,0.6672910180462969,0.02239006431354057,0.015815854195269784,0.11697423166709811,0.008792021948471949,0.015766765656529243
ISIC_0024952,0.09727617826536043,0.21597267886606755,0.16633670202377432,0.18278695036630122,0.3246813939020294,0.008415409034827445,0.004530687541639583
ISIC_0024959,0.5277317028663421,0.20511666196498868,0.021717736094841626,0.030103843294141824,0.21108919540619064,0.001053477076899286,0.003187383296595627
ISIC_0024960,0.016475860032320884,0.08042795225345269,0.3601521570094179,0.3387929908650497,0.16876932308428558,0.033560334075890735,0.0018213826795828165
ISIC_0024961,0.03864955228564655,0.11852166208128216,0.24387041965032732,0.10136425424610623,0.4541193295761486,0.04054138168843007,0.0029334004720593236
ISIC_0024966,0.08838694621537681,0.6919932051081836,0.12181914101834261,0.013044596774648321,0.05619586701460584,0.003171721673504923,0.02538852219533784
ISIC_0024968,0.054733618662361073,0.2500089538162343,0.040198557425740085,0.034006349978859374,0.5776327397809488,0.04284459757133784,0.0005751827645187222
ISIC_0024974,0.05052366593075409,0.6502816844781719,0.21398353942357534,0.021398759902204835,0.04587627596826895,0.002916497741825633,0.015019576555199218
ISIC_0024975,0.04445108097006687,0.6131453805673226,0.11855647203234516,0.01465999243532807,0.19345618288291544,0.0070775758216936845,0.008653315290328456
ISIC_0024983,0.05924784109929931,0.4980611228975101,0.10663197370662142,0.02473729473341372,0.3021925493709899,0.006620557042772598,0.0025086611493928316
ISIC_0024984,0.10337640706035893,0.2017561815857658,0.19511583144640687,0.17253005439043287,0.32014371913143136,0.003289761316637259,0.0037880450689673248
ISIC_0024986,0.016929058049764488,0.8654479885074333,0.00868240404705991,0.011261434763463926,0.0954202798342172,0.0010375076967335506,0.0012213271013275563
ISIC_0024992,0.19135482162409945,0.3498069774224261,0.10256270319166558,0.040523438277236076,0.2752273506139101,0.035852826560069835,0.004671882310593195
ISIC_0025005,0.09319792577645784,0.5598359366399676,0.014366070745263167,0.014885225323016659,0.31654675211495154,0.0007864403319780368,0.00038164906836504693
ISIC_0025006,0.26190756219780453,0.22172983621033063,0.06456379715179356,0.0721307104646462,0.36676310645502136,0.0021326969487787304,0.010772290571625287
ISIC_0025009,0.38400499216166595,0.2539263924197164,0.041709123884254025,0.04916683097576917,0.2603111273790483,0.005626430283414135,0.005255102896132221
ISIC_0025018,0.04765766974413096,0.5058161718214775,0.09909789647968574,0.07144610954478503,0.26158173236643595,0.002633280599098633,0.011767139444386263
ISIC_0025019,0.29715453503686595,0.4454270409534336,0.02447312216518755,0.03138755654072302,0.1946304736754896,0.003771932560826701,0.0031553390674736942
ISIC_0025020,0.2364508704274274,0.5693130678025873,0.02240852803757964,0.02058840268509242,0.141273321681288,0.002471194947835266,0.00749461441819016
ISIC_0025027,0.10478413470878323,0.10087319530694613,0.21678469020398022,0.4141847668663393,0.14250482144718932,0.011890329058643108,0.008978062408118834
ISIC_0025029,0.1747910717530503,0.30160386806421136,0.11927757633894821,0.1722341976988317,0.21114470936652383,0.015290144724843246,0.005658432053591776
ISIC_0025030,0.19891948288331696,0.2923440994317095,0.027639586855052318,0.13656550464866943,0.33962802800594694,0.003937335735617716,0.0009659624396873413
ISIC_0025032,0.2535910361052494,0.2657357979001483,0.03711053406245463,0.14078372822583718,0.2973504051858153,0.0043183331681363665,0.0011101653523583335
ISIC_0025036,0.04054107718497328,0.23232501033212433,0.41278524674136985,0.05781638556070776,0.18519210460567825,0.005364253061615838,0.06597592251353109
ISIC_0025037,0.03504928477966466,0.20537362737242482,0.43280122098473967,0.0609646235200839,0.20224432766498834,0.005566198532436981,0.05800071714566126
ISIC_0025039,0.025624433229244185,0.37615012318819513,0.3911799229918232,0.06209806396016858,0.09971197004775322,0.011552357481232761,0.03368312910158266
ISIC_0025043,0.04646548179842213,0.6990238883364767,0.07558364106579403,0.0035206115938214086,0.1607857629723848,0.002057348085453263,0.01256326614764774
ISIC_0025044,0.17880002227853622,0.5720597421254633,0.008783375531080976,0.011412335558452306,0.21783497532742702,0.009705770812286603,0.0014037783667535484
ISIC_0025046,0.1608183969010049,0.31298259559869746,0.05426191988370281,0.05414553767420997,0.40101288786382877,0.006600145459459263,0.010178516619096738
ISIC_0025054,0.25875611777026075,0.24548387742746297,0.057961939148781186,0.10202937148739674,0.32470201101422685,0.005522986745051116,0.005543696406820354
ISIC_0025056,0.15226179146781252,0.38492726552866086,0.03959068718326163,0.02556002875810554,0.3796792025018047,0.015385609824914694,0.0025954147354394544
ISIC_0025060,0.01649353699125931,0.01980750491573287,0.2921564829893671,0.573387905280337,0.07355501638561053,0.0165591859469935,0.008040367490699673
ISIC_0025063,0.032350515460117975,0.08998508286050291,0.5498096278399255,0.14001399646259396,0.16811481283675775,0.008264018657376178,0.011461945882725347
ISIC_0025068,0.05855186238602206,0.3690165406310007,0.09671054507264314,0.04927553183574973,0.3921650502702654,0.032903560078272796,0.00137690972604594
ISIC_0025078,0.14352439652859708,0.30107719647334985,0.13829022667433108,0.09201169481931952,0.3124503286548646,0.004158160884087263,0.008487995965450504
ISIC_0025085,0.1992162043597078,0.18775101847990766,0.18658390181458764,0.062030358606647885,0.3513302059379357,0.008413389269437693,0.004674921531775438
ISIC_0025099,0.08260213988817354,0.45163858422089803,0.22214857167400645,0.028486309561699792,0.15487146590932868,0.03276887918890156,0.027484049556991824
ISIC_0025100,0.07178492993469932,0.3620203718300224,0.16644349848980722,0.07473524415980985,0.29933976568839626,0.022844499940228667,0.0028316899570360278
ISIC_0025111,0.1275378896269755,0.48393420467626486,0.10380925196823668,0.032191958830083245,0.22493965999712856,0.01405515638274862,0.013531878518562752
ISIC_0025114,0.06714437159408491,0.09929119886331167,0.22449210706288,0.34722274582765156,0.24948545053620477,0.006137015179429301,0.006227110936437655
ISIC_0025115,0.09181784161299579,0.14088918623185986,0.3538752850193872,0.06140296529099149,0.24318016994609615,0.09463036095865762,0.014204190940011937
ISIC_0025122,0.06551123833014512,0.0598684486862455,0.3256087375364317,0.15297011734024324,0.3567507233280636,0.023844272538745107,0.015446462240125821
ISIC_0025125,0.1635704988777912,0.24302881586281908,0.16998606640199726,0.13420028477225027,0.2367196417746894,0.04703858617812813,0.005456106132324712
ISIC_0025127,0.08487219126374206,0.6624843533689365,0.061225505681311666,0.03764855969713803,0.12860702721533618,0.017441170519785797,0.007721192253750189
ISIC_0025132,0.03104891125981438,0.21195639670539632,0.301719714380586,0.05605333433694618,0.332956809202547,0.054199486209170346,0.012065347905539587
ISIC_0025143,0.06574218541748944,0.3873205993732603,0.1538585537979761,0.054438471357692766,0.2912422945985563,0.04209757035706226,0.005300325097962711
ISIC_0025146,0.15082495796240158,0.3828383815273027,0.057461301563655295,0.10546473112631127,0.29601977041609234,0.004965609055659025,0.002425248348577506
ISIC_0025148,0.0864256352188703,0.5965263237865484,0.06801881763192859,0.026647002215044357,0.19074167628549693,0.02878835788065778,0.0028521869814533613
ISIC_0025157,0.05491542062984293,0.23248157972696068,0.16840097117009442,0.0466802957433016,0.4507385151161576,0.03287006006924606,0.013913157544396438
ISIC_0025160,0.0672711158642589,0.5670031815156078,0.18305144625465852,0.03216250441385322,0.11507220609901625,0.009961251605635886,0.025478294246969308
ISIC_0025168,0.3158165126624823,0.315208472017919,0.061309821242886274,0.04983923641964534,0.2409568347170524,0.005120588874692227,0.01174853406532219
ISIC_0025169,0.19623680865228266,0.45695792461296164,0.09684804459426291,0.06584658938833117,0.16427705203141604,0.002570649713347392,0.017262931007397942
ISIC_0025171,0.026540282462706653,0.06954050122863088,0.05400657422056477,0.12557105009234082,0.7158945933439903,0.007724566839223363,0.0007224318125433433
ISIC_0025177,0.12290225612815307,0.5345294614125614,0.09553480052731948,0.010115503547561366,0.1666980416449773,0.03991326925283738,0.030306667486589757
ISIC_0025183,0.07283648741872278,0.2916528276628052,0.13994919240171752,0.03710778345452215,0.3129713124353849,0.08700798065707363,0.05847441596977406
ISIC_0025184,0.02495533031708225,0.12719879341954746,0.0922848101870385,0.22417163865158785,0.5044245378219497,0.025184214213596515,0.0017806753891975897
ISIC_0025187,0.016091069608005677,0.27753270645597655,0.11385646262741866,0.033922822105855586,0.4612491052233464,0.08545781057432791,0.011890023405068874
ISIC_0025193,0.1727014895031951,0.3159587762754416,0.12883291969418711,0.10207425492361093,0.26493279074535525,0.009248020490919119,0.006251748367290421
ISIC_0025196,0.08800329589651598,0.25077982954284794,0.05934278443632535,0.03565698799397268,0.5457987935061053,0.01696290258532666,0.0034554060389057747
ISIC_0025205,0.18003818572078395,0.259309096675455,0.03393997842171101,0.04001603679552454,0.4600688857740614,0.024036505386215948,0.002591311226248458
ISIC_0025209,0.009324838568671652,0.6618928185140783,0.02063534823053891,0.0030900412679858514,0.26804557496323106,0.028286724324347867,0.008724654131146101
ISIC_0025213,0.07368058847750762,0.7285883881471974,0.026376651410626725,0.002932085779630706,0.1175893772374701,0.0071747723040555935,0.0436581366435119
ISIC_0025217,0.07916960152346716,0.6840840139743767,0.02578121873227881,0.002615909290741762,0.14038099874851354,0.010285663135644245,0.057682594594977495
ISIC_0025225,0.005638592498677205,0.648508534905527,0.03214209866156381,0.0015133085877892406,0.253292026456224,0.05411246437552308,0.004792974514695734
ISIC_0025227,0.015284575215606496,0.21364302907323518,0.06900193026320009,0.011878636014569767,0.6323284590292638,0.05643575311263899,0.0014276172914857094
ISIC_0025229,0.1378925175078417,0.5904503610175136,0.030612082235150044,0.024630096217131168,0.19317141099190596,0.006111996387143431,0.01713153564331442
ISIC_0025238,0.0064333761406747654,0.7700725489220378,0.0198428724487461,0.0011818377780843767,0.16546170438985347,0.02690841023723538,0.010099250083367413
ISIC_0025240,0.004258573900314854,0.8383951499453872,0.012472590610454819,0.00031088406742283873,0.11107911651191861,0.03009036029451413,0.00339332466998745
ISIC_0025244,0.03504981619839105,0.34304589382242273,0.06630906030228384,0.015486488080545835,0.46409830372952676,0.02210943284027444,0.05390100502655482
ISIC_0025246,0.035617213946119955,0.7297142488049139,0.022090851575337172,0.0013694863810842692,0.13695387636887535,0.008743537717802789,0.06551078520586655
ISIC_0025247,0.12362927348642871,0.2599262858636324,0.10508385633360509,0.06365855918635661,0.4215315864005263,0.01633259638281035,0.00983784234664053
ISIC_0025248,0.055698490502653984,0.20523279789024554,0.07811686598278093,0.08970084858776432,0.5489707598370056,0.020534926909331192,0.0017453102902181077
ISIC_0025252,0.11527151169794174,0.16269898385619028,0.22271407237939136,0.15040979037026606,0.32197634927319535,0.004648411347421707,0.02228088107559324
ISIC_0025254,0.08480412609678402,0.8414152071308247,0.007967742083118783,0.002369584091528591,0.0538181655799009,0.0030298130895057363,0.006595361928337257
ISIC_0025257,0.19997058102624468,0.36461114949223705,0.09259079933631417,0.030336666931807196,0.26157424767179094,0.02268531992557384,0.02823123561603223
ISIC_0025261,0.03331187602938045,0.2931750371106501,0.22736521383111605,0.054301454167868614,0.3723175194324564,0.010743707690173526,0.008785191738355014
ISIC_0025262,0.11348007264435457,0.7436161126642271,0.019812857473183593,0.014302730506815912,0.08750793910008826,0.00468923138084201,0.016591056230489096
ISIC_0025271,0.11520405104364861,0.6340699175859963,0.0369326480353723,0.013049817340293708,0.17222319697289865,0.0033080034097416875,0.02521236561204868
ISIC_0025278,0.07173817241813037,0.5847340896012145,0.08049225465574746,0.011173488118874109,0.15500262719322874,0.009053007912205159,0.08780636010059924
ISIC_0025283,0.017533345020247556,0.47181811650198685,0.010964598805776642,0.01649427096176944,0.47386541648306046,0.008921087801909353,0.00040316442524932416
ISIC_0025284,0.10644213301237505,0.6188825882145114,0.04233370503279817,0.006234423102151413,0.17696626148531183,0.01614452032935131,0.03299636882350119
ISIC_0025290,0.02203963078867717,0.7634988783098148,0.017679267040284583,0.003347601114198843,0.16081097438308092,0.010890421649731951,0.021733226714211924
ISIC_0025292,0.010318662710100183,0.8676365321537443,0.01076056246754015,0.0006816055205758296,0.09400815193428602,0.011460001432253978,0.005134483781499103
ISIC_0025293,0.04243849155127055,0.6668595248139754,0.051823217107944616,0.007012550299703425,0.1480828028847023,0.004837718503041756,0.07894569483936162
ISIC_0025298,0.057805813572900544,0.6155761816764902,0.05939128260226107,0.006759226288321798,0.16860962456760345,0.0077746783136348205,0.08408319297878804
ISIC_0025299,0.052686149589446646,0.657695195553574,0.02223588053819206,0.004513286468959682,0.2546564580564822,0.002238089629032108,0.005974940164313149
ISIC_0025300,0.03882769762181524,0.35479556814315644,0.012247279733820953,0.01528571377828493,0.573499560189675,0.004667487970366088,0.0006766925628817088
ISIC_0025301,0.12660348711894506,0.20005246132683774,0.10323008197280796,0.08492172494877424,0.45690455065984564,0.02378057661568384,0.004507117357105524
ISIC_0025305,0.08476596977596686,0.6982640253920221,0.02776533401209612,0.01570983874694949,0.16928473264713303,0.002252330051122771,0.0019577693747091693
ISIC_0025307,0.19771522492061414,0.41684427146726194,0.05499186045014996,0.016160939937538712,0.29620899227089387,0.009424936502472088,0.0086537744510695
ISIC_0025308,0.03640914071275707,0.48506298868346176,0.02240257075200094,0.005908433651334307,0.4285437034177882,0.012141778185279225,0.009531384597378744
ISIC_0025309,0.038898545301253945,0.25482836366785905,0.07521722278769453,0.07527967548956248,0.5137157332176715,0.0407679551139398,0.0012925044220187354
ISIC_0025310,0.06160564189024407,0.79866825079549,0.02090015720980636,0.006106019130413618,0.07460615576417351,0.00494152778094425,0.033172247428928305
ISIC_0025315,0.14064256101488207,0.5077711949402848,0.04585246834707032,0.010337496083657022,0.21178310842763556,0.010815255838708461,0.07279791534776216
ISIC_0025322,0.15217461777593744,0.5250467707972445,0.04511734162399785,0.006533544648030812,0.22254614939554446,0.01799775008461715,0.0305838256746285
ISIC_0025324,0.22270097747929354,0.35070603165872566,0.04977385532637542,0.030100873290384886,0.3065074549659613,0.005363225985771427,0.034847581293487515
ISIC_0025327,0.6103051937237471,0.19574521911178155,0.00875406146012686,0.014816523505950238,0.1593682867952309,0.001746289268594285,0.009264426134568892
ISIC_0025335,0.0899868727823333,0.24181118757062098,0.05142325144727135,0.043381427346637344,0.54874751607584,0.0229561524214695,0.001693592355827165
ISIC_0025341,0.08590247361035623,0.2751921991612526,0.10059780403626015,0.13893245443226296,0.386939495700763,0.009726029319446139,0.002709543739658667
ISIC_0025352,0.0682051169601454,0.13196460828421092,0.1319176386326699,0.09208348016154666,0.5422689456635175,0.029794449088297207,0.003765761209612803
ISIC_0025356,0.09877547826494633,0.37103497896204923,0.14694830155610222,0.0563746642898733,0.26129014909349463,0.014342826410717291,0.05123360142281741
ISIC_0025362,0.35904397123883547,0.4057497626703731,0.0323665287603111,0.035903033590263415,0.1549009579483394,0.00217970267940311,0.009856043112474703
ISIC_0025371,0.13873714697867823,0.5108723489633605,0.09213765019331299,0.02220491599888893,0.21402733983002542,0.00967661398300227,0.01234398405273084
ISIC_0025372,0.3094617437028787,0.41026895984380024,0.04055038173239923,0.059075825744921845,0.17215959958986868,0.0025613663561222856,0.00592212303000887
ISIC_0025378,0.16552234649253672,0.5593160524365965,0.08267014687345395,0.017801099835535284,0.1232691791163185,0.011463215533720124,0.0399579597118391
ISIC_0025383,0.08232138302496762,0.1418777139348866,0.11607311203340298,0.3465307812689703,0.3013353784995928,0.00912703493480302,0.002734596303376684
ISIC_0025385,0.2387467851239826,0.37843994045889945,0.06166597708498124,0.04151552419335481,0.2500934443119102,0.01065011671029702,0.01888821211657449
ISIC_0025390,0.377592352344878,0.2279232438352566,0.059389158766085366,0.0829313346853652,0.23815982045716236,0.004363141042459304,0.009640948868792914
ISIC_0025394,0.3333616164662743,0.46167270016860207,0.03161712072985302,0.020616216341359205,0.08941090943619254,0.0025382270054299634,0.060783209852289015
ISIC_0025396,0.2737093592611508,0.5573214772154917,0.023149825761281544,0.01672707996114596,0.04068967431800976,0.002271698975615521,0.08613088450730479
ISIC_0025400,0.10195596651969363,0.5218971364375826,0.051348892283821196,0.04024333225817651,0.2712256383288184,0.010479164475167665,0.0028498696967398404
ISIC_0025408,0.3512056476307308,0.13181990855675185,0.03689802797654308,0.12623818998205552,0.3473236301570994,0.003555727519234465,0.002958868177584894
ISIC_0025409,0.1860026006621276,0.3014082705823529,0.15671835992549665,0.08152704683743332,0.24703264478597786,0.012163535325575812,0.015147541881035478
ISIC_0025412,0.0826788722640071,0.44967184399298793,0.1072585641759765,0.024718647846745614,0.2808984877251352,0.028946192289744797,0.02582739170540282
ISIC_0025418,0.15435325494158825,0.37683141356630634,0.10459072874102222,0.09967615851106143,0.2459269109791505,0.009398930137847521,0.009222603123023242
ISIC_0025421,0.02412037799445809,0.17658258717707248,0.08676232028144348,0.018907602500417942,0.5972428679327276,0.09423995963664394,0.0021442844772364936
ISIC_0025425,0.04553186260730077,0.067836637165038,0.13705707324801145,0.1283759063229335,0.5982109589423489,0.015840981665041082,0.007146580049326354
ISIC_0025448,0.03846752929768277,0.30405268206538166,0.10868474405193061,0.02988674115864233,0.466271311017111,0.047636929418098724,0.005000062991153178
ISIC_0025450,0.03293066099143612,0.1969036651413465,0.09309773410843189,0.03709489913335675,0.5830636429536292,0.0547813673766072,0.0021280302951921922
